23
7
23
20
20
3
26
12
4
25
22
9
27
8
0
17
4
22
41
0
0
36
9
40
29
8
3
29
17
4
9
9
18
17
18
7
33
43
25
23
10
26
13
22
30
19
22
38
6
15
1
18
25
11
37
9
18
40
30
16
20
15
14
14
23
24
23
13
15
26
7
14
22
13
32
44
5
18
7
0
0
14
4
23
1
30
12
9
14
5
25
15
33
17
34
11
1
9
4
29
16
18
10
15
1
30
30
25
15
0
24
28
6
20
15
20
4
14
16
37
4
28
9
36
21
18
9
8
19
5
4
43
0
42
15
27
2
3
25
17
2
23
15
23
14
25
24
7
28
5
38
0
10
6
19
18
1
37
29
19
7
2
17
11
8
6
1
7
3
10
9
8
31
25
40
8
4
18
7
14
15
24
16
8
19
8
3
16
8
27
14
17
4
13
8
2
1
16
5
2
45
8
5
20
11
32
20
13
11
0
9
9
13
43
7
11
11
9
7
4
0
36
43
22
13
14
24
9
0
17
12
16
0
4
2
8