87  
75  
91  
112 
58  
103 
125 
76  
56  
93  
96  
67  
102 
52  
14  
80  
83  
60  
139 
47  
78  
488 
79  
152 
90  
139 
46  
111 
86  
27  
55  
40  
58  
92  
64  
46  
146 
111 
77  
78  
141 
86  
62  
105 
154 
51  
60  
160 
55  
64  
92  
62  
55  
56  
126 
49  
48  
73  
120 
110 
45  
55  
65  
48  
195 
58  
72  
277 
102 
100 
44  
54  
60  
48  
153 
177 
32  
113 
71  
53  
0  
62  
46  
128 
45  
83  
41  
75  
59  
181 
59  
63  
78  
47  
108 
45  
38  
81  
55  
226 
65  
73  
-1  
55  
1  
105 
106 
52  
92  
53  
72  
69  
59  
75  
55  
58  
51  
41  
47  
110 
50  
87  
14  
109 
47  
45  
37  
70  
58  
63  
54  
146 
2  
177 
52  
136 
83  
47  
170 
53  
41  
44  
46  
117 
50  
64  
141 
50  
60  
80  
200 
0  
93  
72  
-1  
52  
1  
80  
46  
49  
70  
54  
52  
46  
48  
133 
98  
50  
41  
-1  
58  
41  
123 
62  
53  
81  
46  
50  
50  
66  
44  
88  
86  
43  
50  
175 
46  
40  
41  
102 
46  
48  
44  
55  
34  
313 
80  
127 
39  
6  
201 
47  
50  
70  
54  
82  
65  
68  
44  
0  
31  
68  
45  
66  
48  
107 
52  
59  
57  
44  
67  
53  
116 
70  
52  
58  
40  
45  
84  
59  
43  
50  
91  
50  
6  
41 