31
25
27
2
0
9
35
34
15
1
47
4
0
8
9
7
30
21
31
13
45
154
42
26
0
62
11
11
32
0
2
5
11
44
0
23
34
12
4
13
10
20
10
29
79
0
8
33
30
2
55
7
0
10
19
19
1
4
8
60
5
14
1
0
89
6
23
107
9
10
13
0
8
5
30
38
0
70
12
24
0
7
14
30
5
10
6
7
1
106
2
3
4
0
35
4
5
29
6
59
0
36
-1
0
0
13
16
1
2
12
8
2
3
4
10
9
7
2
1
23
1
0
2
23
2
5
11
18
9
6
16
13
2
19
4
37
0
1
50
5
14
0
9
40
8
5
60
3
20
36
42
0
59
0
-1
6
0
7
4
0
26
22
0
28
0
35
30
11
0
-1
36
6
43
0
7
37
6
0
5
6
2
26
16
8
10
76
21
0
6
13
0
0
4
7
14
53
5
0
1
1
47
20
4
0
14
17
5
0
0
0
3
43
0
5
0
17
1
26
8
4
29
5
30
0
8
0
0
16
25
7
9
8
47
15
0
13